function R1_both(){
var R1 = [
[  0.00000000,   0.00000000,   0.00000000,   0.00000000,   0.00000000,   0.00000000,   0.00000000,   0.00000000,   0.00000000],
[  1.00000000,  -0.00000000,   0.00000071,   0.00000000,   1.00000000,   0.00000000,  -0.00000071,  -0.00000000,   1.00000000],
[  1.00000000,  -0.00000000,   0.00000208,   0.00000000,   1.00000000,   0.00000000,  -0.00000208,  -0.00000000,   1.00000000],
[  1.00000000,  -0.00000000,   0.00000407,   0.00000000,   1.00000000,   0.00000000,  -0.00000407,  -0.00000000,   1.00000000],
[  1.00000000,  -0.00000000,   0.00000665,   0.00000000,   1.00000000,   0.00000000,  -0.00000665,  -0.00000000,   1.00000000],
[  1.00000000,  -0.00000000,   0.00000976,   0.00000000,   1.00000000,   0.00000000,  -0.00000976,  -0.00000000,   1.00000000],
[  1.00000000,  -0.00000000,   0.00001337,   0.00000000,   1.00000000,   0.00000000,  -0.00001337,  -0.00000000,   1.00000000],
[  1.00000000,  -0.00000000,   0.00001743,   0.00000000,   1.00000000,   0.00000000,  -0.00001743,  -0.00000000,   1.00000000],
[  1.00000000,  -0.00000000,   0.00002191,   0.00000000,   1.00000000,   0.00000000,  -0.00002191,  -0.00000000,   1.00000000],
[  1.00000000,  -0.00000000,   0.00002675,   0.00000000,   1.00000000,   0.00000000,  -0.00002675,  -0.00000000,   1.00000000],
[  1.00000000,  -0.00000000,   0.00003192,   0.00000000,   1.00000000,   0.00000000,  -0.00003192,  -0.00000000,   1.00000000],
[  1.00000000,  -0.00000000,   0.00003738,   0.00000000,   1.00000000,   0.00000000,  -0.00003738,  -0.00000000,   1.00000000],
[  1.00000000,  -0.00000000,   0.00004308,   0.00000000,   1.00000000,   0.00000000,  -0.00004308,  -0.00000000,   1.00000000],
[  1.00000000,  -0.00000000,   0.00004898,   0.00000000,   1.00000000,   0.00000000,  -0.00004898,  -0.00000000,   1.00000000],
[  1.00000000,  -0.00000000,   0.00005503,   0.00000000,   1.00000000,   0.00000000,  -0.00005503,  -0.00000000,   1.00000000],
[  1.00000000,  -0.00000000,   0.00006120,   0.00000000,   1.00000000,   0.00000000,  -0.00006120,  -0.00000000,   1.00000000],
[  1.00000000,  -0.00000000,   0.00006745,   0.00000000,   1.00000000,   0.00000000,  -0.00006745,  -0.00000000,   1.00000000],
[  1.00000000,  -0.00000000,   0.00007372,   0.00000000,   1.00000000,   0.00000000,  -0.00007372,  -0.00000000,   1.00000000],
[  1.00000000,  -0.00000000,   0.00007998,   0.00000000,   1.00000000,   0.00000000,  -0.00007998,  -0.00000000,   1.00000000],
[  1.00000000,  -0.00000000,   0.00008618,   0.00000000,   1.00000000,   0.00000000,  -0.00008618,  -0.00000000,   1.00000000],
[  1.00000000,  -0.00000000,   0.00009229,   0.00000000,   1.00000000,   0.00000000,  -0.00009229,  -0.00000000,   1.00000000],
[  1.00000000,  -0.00000000,   0.00009826,   0.00000000,   1.00000000,   0.00000000,  -0.00009826,  -0.00000000,   1.00000000],
[  0.99999999,  -0.00000000,   0.00010405,   0.00000000,   1.00000000,   0.00000000,  -0.00010405,  -0.00000000,   0.99999999],
[  0.99999999,  -0.00000000,   0.00010961,   0.00000000,   1.00000000,   0.00000000,  -0.00010961,  -0.00000000,   0.99999999],
[  0.99999999,  -0.00000000,   0.00011490,   0.00000000,   1.00000000,   0.00000000,  -0.00011490,  -0.00000000,   0.99999999],
[  0.99999999,  -0.00000000,   0.00011988,   0.00000000,   1.00000000,   0.00000000,  -0.00011988,  -0.00000000,   0.99999999],
[  0.99999999,  -0.00000000,   0.00012451,   0.00000000,   1.00000000,   0.00000000,  -0.00012451,  -0.00000000,   0.99999999],
[  0.99999999,  -0.00000000,   0.00012875,   0.00000000,   1.00000000,   0.00000000,  -0.00012875,  -0.00000000,   0.99999999],
[  0.99999999,  -0.00000000,   0.00013255,   0.00000000,   1.00000000,   0.00000000,  -0.00013255,  -0.00000000,   0.99999999],
[  0.99999999,  -0.00000000,   0.00013587,   0.00000000,   1.00000000,   0.00000000,  -0.00013587,  -0.00000000,   0.99999999],
[  0.99999999,  -0.00000000,   0.00013867,   0.00000000,   1.00000000,   0.00000000,  -0.00013867,  -0.00000000,   0.99999999],
[  0.99999999,  -0.00000000,   0.00014091,   0.00000000,   1.00000000,   0.00000000,  -0.00014091,  -0.00000000,   0.99999999],
[  0.99999999,  -0.00000000,   0.00014254,   0.00000000,   1.00000000,   0.00000000,  -0.00014254,  -0.00000000,   0.99999999],
[  0.99999999,  -0.00000000,   0.00014352,   0.00000000,   1.00000000,   0.00000000,  -0.00014352,  -0.00000000,   0.99999999],
[  0.99999999,  -0.00000000,   0.00014382,   0.00000000,   1.00000000,   0.00000000,  -0.00014382,  -0.00000000,   0.99999999],
[  0.99999999,  -0.00000000,   0.00014338,   0.00000000,   1.00000000,   0.00000000,  -0.00014338,  -0.00000000,   0.99999999],
[  0.99999999,  -0.00000000,   0.00014217,   0.00000000,   1.00000000,   0.00000000,  -0.00014217,  -0.00000000,   0.99999999],
[  0.99999999,  -0.00000000,   0.00014015,   0.00000000,   1.00000000,   0.00000000,  -0.00014015,  -0.00000000,   0.99999999],
[  0.99999999,  -0.00000000,   0.00013727,   0.00000000,   1.00000000,   0.00000000,  -0.00013727,  -0.00000000,   0.99999999],
[  0.99999999,  -0.00000000,   0.00013350,   0.00000000,   1.00000000,   0.00000000,  -0.00013350,  -0.00000000,   0.99999999],
[  0.99999999,  -0.00000000,   0.00012878,   0.00000000,   1.00000000,   0.00000000,  -0.00012878,  -0.00000000,   0.99999999],
[  0.99999999,  -0.00000000,   0.00012309,   0.00000000,   1.00000000,   0.00000000,  -0.00012309,  -0.00000000,   0.99999999],
[  0.99999999,  -0.00000000,   0.00011637,   0.00000000,   1.00000000,   0.00000000,  -0.00011637,  -0.00000000,   0.99999999],
[  0.99999999,  -0.00000000,   0.00010859,   0.00000000,   1.00000000,   0.00000000,  -0.00010859,  -0.00000000,   0.99999999],
[  1.00000000,  -0.00000000,   0.00009971,   0.00000000,   1.00000000,   0.00000000,  -0.00009971,  -0.00000000,   1.00000000],
[  1.00000000,  -0.00000000,   0.00008969,   0.00000000,   1.00000000,   0.00000000,  -0.00008969,  -0.00000000,   1.00000000],
[  1.00000000,  -0.00000000,   0.00007848,   0.00000000,   1.00000000,   0.00000000,  -0.00007848,  -0.00000000,   1.00000000],
[  1.00000000,  -0.00000000,   0.00006605,   0.00000000,   1.00000000,   0.00000000,  -0.00006605,  -0.00000000,   1.00000000],
[  1.00000000,  -0.00000000,   0.00005235,   0.00000000,   1.00000000,   0.00000000,  -0.00005235,  -0.00000000,   1.00000000],
[  1.00000000,  -0.00000000,   0.00003734,   0.00000000,   1.00000000,   0.00000000,  -0.00003734,  -0.00000000,   1.00000000],
[  1.00000000,  -0.00000000,   0.00002100,   0.00000000,   1.00000000,   0.00000000,  -0.00002100,  -0.00000000,   1.00000000],
[  1.00000000,  -0.00000000,   0.00000326,   0.00000000,   1.00000000,   0.00000000,  -0.00000326,  -0.00000000,   1.00000000],
[  1.00000000,  -0.00000000,  -0.00001590,   0.00000000,   1.00000000,   0.00000000,   0.00001590,  -0.00000000,   1.00000000],
[  1.00000000,  -0.00000000,  -0.00003652,   0.00000000,   1.00000000,   0.00000000,   0.00003652,  -0.00000000,   1.00000000],
[  1.00000000,  -0.00000000,  -0.00005864,   0.00000000,   1.00000000,   0.00000000,   0.00005864,  -0.00000000,   1.00000000],
[  1.00000000,  -0.00000000,  -0.00008231,   0.00000000,   1.00000000,   0.00000000,   0.00008231,  -0.00000000,   1.00000000],
[  0.99999999,  -0.00000000,  -0.00010756,   0.00000000,   1.00000000,   0.00000000,   0.00010756,  -0.00000000,   0.99999999],
[  0.99999999,  -0.00000000,  -0.00013443,   0.00000000,   1.00000000,   0.00000000,   0.00013443,  -0.00000000,   0.99999999],
[  0.99999999,  -0.00000000,  -0.00016295,   0.00000000,   1.00000000,   0.00000000,   0.00016295,  -0.00000000,   0.99999999],
[  0.99999998,  -0.00000000,  -0.00019318,   0.00000000,   1.00000000,   0.00000000,   0.00019318,  -0.00000000,   0.99999998],
[  0.99999997,  -0.00000000,  -0.00022514,   0.00000000,   1.00000000,   0.00000000,   0.00022514,  -0.00000000,   0.99999997],
[  0.99999997,  -0.00000000,  -0.00025887,   0.00000000,   1.00000000,   0.00000000,   0.00025887,  -0.00000000,   0.99999997],
[  0.99999996,  -0.00000000,  -0.00029441,   0.00000000,   1.00000000,   0.00000000,   0.00029441,  -0.00000000,   0.99999996],
[  0.99999994,  -0.00000000,  -0.00033180,   0.00000000,   1.00000000,   0.00000000,   0.00033180,  -0.00000000,   0.99999994],
[  0.99999993,  -0.00000000,  -0.00037108,   0.00000000,   1.00000000,   0.00000000,   0.00037108,  -0.00000000,   0.99999993],
[  0.99999992,  -0.00000000,  -0.00041227,   0.00000000,   1.00000000,   0.00000000,   0.00041227,  -0.00000000,   0.99999992],
[  0.99999990,  -0.00000000,  -0.00045543,   0.00000000,   1.00000000,   0.00000000,   0.00045543,  -0.00000000,   0.99999990],
[  0.99999987,  -0.00000000,  -0.00050058,   0.00000000,   1.00000000,   0.00000000,   0.00050058,  -0.00000000,   0.99999987],
[  0.99999985,  -0.00000000,  -0.00054776,   0.00000000,   1.00000000,   0.00000000,   0.00054776,  -0.00000000,   0.99999985],
[  0.99999982,  -0.00000000,  -0.00059700,   0.00000000,   1.00000000,   0.00000000,   0.00059700,  -0.00000000,   0.99999982],
[  0.99999979,  -0.00000000,  -0.00064835,   0.00000000,   1.00000000,   0.00000000,   0.00064835,  -0.00000000,   0.99999979],
[  0.99999975,  -0.00000000,  -0.00070184,   0.00000000,   1.00000000,   0.00000000,   0.00070184,  -0.00000000,   0.99999975],
[  0.99999971,  -0.00000000,  -0.00075750,   0.00000000,   1.00000000,   0.00000000,   0.00075750,  -0.00000000,   0.99999971],
[  0.99999967,  -0.00000000,  -0.00081537,   0.00000000,   1.00000000,   0.00000000,   0.00081537,  -0.00000000,   0.99999967],
[  0.99999962,  -0.00000000,  -0.00087548,   0.00000000,   1.00000000,   0.00000000,   0.00087548,  -0.00000000,   0.99999962],
[  0.99999956,  -0.00000000,  -0.00093786,   0.00000000,   1.00000000,   0.00000000,   0.00093786,  -0.00000000,   0.99999956],
[  0.99999950,  -0.00000000,  -0.00100256,   0.00000000,   1.00000000,   0.00000000,   0.00100256,  -0.00000000,   0.99999950],
[  0.99999943,  -0.00000000,  -0.00106960,   0.00000000,   1.00000000,   0.00000000,   0.00106960,  -0.00000000,   0.99999943],
[  0.99999935,  -0.00000000,  -0.00113901,   0.00000000,   1.00000000,   0.00000000,   0.00113901,  -0.00000000,   0.99999935],
[  0.99999927,  -0.00000000,  -0.00121084,   0.00000000,   1.00000000,   0.00000000,   0.00121084,  -0.00000000,   0.99999927],
[  0.99999917,  -0.00000000,  -0.00128510,   0.00000000,   1.00000000,   0.00000000,   0.00128510,  -0.00000000,   0.99999917],
[  0.99999907,  -0.00000000,  -0.00136184,   0.00000000,   1.00000000,   0.00000000,   0.00136184,  -0.00000000,   0.99999907],
[  0.99999896,  -0.00000000,  -0.00144109,   0.00000000,   1.00000000,   0.00000000,   0.00144109,  -0.00000000,   0.99999896],
[  0.99999884,  -0.00000000,  -0.00152287,   0.00000000,   1.00000000,   0.00000000,   0.00152287,  -0.00000000,   0.99999884],
[  0.99999871,  -0.00000000,  -0.00160722,   0.00000000,   1.00000000,   0.00000000,   0.00160722,  -0.00000000,   0.99999871],
[  0.99999856,  -0.00000000,  -0.00169418,   0.00000000,   1.00000000,   0.00000000,   0.00169418,  -0.00000000,   0.99999856],
[  0.99999841,  -0.00000000,  -0.00178376,   0.00000000,   1.00000000,   0.00000000,   0.00178376,  -0.00000000,   0.99999841],
[  0.99999824,  -0.00000000,  -0.00187600,   0.00000000,   1.00000000,   0.00000000,   0.00187600,  -0.00000000,   0.99999824],
[  0.99999806,  -0.00000000,  -0.00197093,   0.00000000,   1.00000000,   0.00000000,   0.00197093,  -0.00000000,   0.99999806],
[  0.99999786,  -0.00000000,  -0.00206858,   0.00000000,   1.00000000,   0.00000000,   0.00206858,  -0.00000000,   0.99999786],
[  0.99999765,  -0.00000000,  -0.00216898,   0.00000000,   1.00000000,   0.00000000,   0.00216898,  -0.00000000,   0.99999765],
[  0.99999742,  -0.00000000,  -0.00227216,   0.00000000,   1.00000000,   0.00000000,   0.00227216,  -0.00000000,   0.99999742],
[  0.99999717,  -0.00000000,  -0.00237814,   0.00000000,   1.00000000,   0.00000000,   0.00237814,  -0.00000000,   0.99999717],
[  0.99999691,  -0.00000000,  -0.00248695,   0.00000000,   1.00000000,   0.00000000,   0.00248695,  -0.00000000,   0.99999691],
[  0.99999662,  -0.00000000,  -0.00259862,   0.00000000,   1.00000000,   0.00000000,   0.00259862,  -0.00000000,   0.99999662],
[  0.99999632,  -0.00000000,  -0.00271318,   0.00000000,   1.00000000,   0.00000000,   0.00271318,  -0.00000000,   0.99999632],
[  0.99999599,  -0.00000000,  -0.00283065,   0.00000000,   1.00000000,   0.00000000,   0.00283065,  -0.00000000,   0.99999599],
[  0.99999565,  -0.00000000,  -0.00295106,   0.00000000,   1.00000000,   0.00000000,   0.00295106,  -0.00000000,   0.99999565],
[  0.99999527,  -0.00000000,  -0.00307444,   0.00000000,   1.00000000,   0.00000000,   0.00307444,  -0.00000000,   0.99999527],
[  0.99999488,  -0.00000000,  -0.00320081,   0.00000000,   1.00000000,   0.00000000,   0.00320081,  -0.00000000,   0.99999488],
[  0.99999445,  -0.00000000,  -0.00333019,   0.00000000,   1.00000000,   0.00000000,   0.00333019,  -0.00000000,   0.99999445],
[  0.99999401,  -0.00000000,  -0.00346261,   0.00000000,   1.00000000,   0.00000000,   0.00346261,  -0.00000000,   0.99999401],
[  0.99999353,  -0.00000000,  -0.00359810,   0.00000000,   1.00000000,   0.00000000,   0.00359810,  -0.00000000,   0.99999353],
[  0.99999302,  -0.00000000,  -0.00373667,   0.00000000,   1.00000000,   0.00000000,   0.00373667,  -0.00000000,   0.99999302],
[  0.99999248,  -0.00000000,  -0.00387835,   0.00000000,   1.00000000,   0.00000000,   0.00387835,  -0.00000000,   0.99999248],
[  0.99999191,  -0.00000000,  -0.00402317,   0.00000000,   1.00000000,   0.00000000,   0.00402317,  -0.00000000,   0.99999191],
[  0.99999130,  -0.00000000,  -0.00417114,   0.00000000,   1.00000000,   0.00000000,   0.00417114,  -0.00000000,   0.99999130],
[  0.99999066,  -0.00000000,  -0.00432229,   0.00000000,   1.00000000,   0.00000000,   0.00432229,  -0.00000000,   0.99999066],
[  0.99998998,  -0.00000000,  -0.00447664,   0.00000000,   1.00000000,   0.00000000,   0.00447664,  -0.00000000,   0.99998998],
[  0.99998926,  -0.00000000,  -0.00463420,   0.00000000,   1.00000000,   0.00000000,   0.00463420,  -0.00000000,   0.99998926],
[  0.99998850,  -0.00000000,  -0.00479501,   0.00000000,   1.00000000,   0.00000000,   0.00479501,  -0.00000000,   0.99998850],
[  0.99998770,  -0.00000000,  -0.00495907,   0.00000000,   1.00000000,   0.00000000,   0.00495907,  -0.00000000,   0.99998770],
[  0.99998686,  -0.00000000,  -0.00512642,   0.00000000,   1.00000000,   0.00000000,   0.00512642,  -0.00000000,   0.99998686],
[  0.99998597,  -0.00000000,  -0.00529706,   0.00000000,   1.00000000,   0.00000000,   0.00529706,  -0.00000000,   0.99998597],
[  0.99998503,  -0.00000000,  -0.00547102,   0.00000000,   1.00000000,   0.00000000,   0.00547102,  -0.00000000,   0.99998503],
[  0.99998405,  -0.00000000,  -0.00564831,   0.00000000,   1.00000000,   0.00000000,   0.00564831,  -0.00000000,   0.99998405],
[  0.99998301,  -0.00000000,  -0.00582896,   0.00000000,   1.00000000,   0.00000000,   0.00582896,  -0.00000000,   0.99998301],
[  0.99998192,  -0.00000000,  -0.00601297,   0.00000000,   1.00000000,   0.00000000,   0.00601297,  -0.00000000,   0.99998192],
[  0.99998078,  -0.00000000,  -0.00620037,   0.00000000,   1.00000000,   0.00000000,   0.00620037,  -0.00000000,   0.99998078],
[  0.99997958,  -0.00000000,  -0.00639117,   0.00000000,   1.00000000,   0.00000000,   0.00639117,  -0.00000000,   0.99997958],
[  0.99997832,  -0.00000000,  -0.00658539,   0.00000000,   1.00000000,   0.00000000,   0.00658539,  -0.00000000,   0.99997832],
[  0.99997699,  -0.00000000,  -0.00678305,   0.00000000,   1.00000000,   0.00000000,   0.00678305,  -0.00000000,   0.99997699],
[  0.99997561,  -0.00000000,  -0.00698414,   0.00000000,   1.00000000,   0.00000000,   0.00698414,  -0.00000000,   0.99997561],
[  0.99997416,  -0.00000000,  -0.00718871,   0.00000000,   1.00000000,   0.00000000,   0.00718871,  -0.00000000,   0.99997416],
[  0.99997264,  -0.00000000,  -0.00739674,   0.00000000,   1.00000000,   0.00000000,   0.00739674,  -0.00000000,   0.99997264],
[  0.99997106,  -0.00000000,  -0.00760826,   0.00000000,   1.00000000,   0.00000000,   0.00760826,  -0.00000000,   0.99997106],
[  0.99996940,  -0.00000000,  -0.00782329,   0.00000000,   1.00000000,   0.00000000,   0.00782329,  -0.00000000,   0.99996940],
[  0.99996766,  -0.00000000,  -0.00804183,   0.00000000,   1.00000000,   0.00000000,   0.00804183,  -0.00000000,   0.99996766],
[  0.99996585,  -0.00000000,  -0.00826389,   0.00000000,   1.00000000,   0.00000000,   0.00826389,  -0.00000000,   0.99996585],
[  0.99996396,  -0.00000000,  -0.00848949,   0.00000000,   1.00000000,   0.00000000,   0.00848949,  -0.00000000,   0.99996396],
[  0.99996199,  -0.00000000,  -0.00871864,   0.00000000,   1.00000000,   0.00000000,   0.00871864,  -0.00000000,   0.99996199],
[  0.99995994,  -0.00000000,  -0.00895134,   0.00000000,   1.00000000,   0.00000000,   0.00895134,  -0.00000000,   0.99995994],
[  0.99995779,  -0.00000000,  -0.00918761,   0.00000000,   1.00000000,   0.00000000,   0.00918761,  -0.00000000,   0.99995779],
[  0.99995556,  -0.00000000,  -0.00942745,   0.00000000,   1.00000000,   0.00000000,   0.00942745,  -0.00000000,   0.99995556],
[  0.99995324,  -0.00000000,  -0.00967088,   0.00000000,   1.00000000,   0.00000000,   0.00967088,  -0.00000000,   0.99995324],
[  0.99995082,  -0.00000000,  -0.00991791,   0.00000000,   1.00000000,   0.00000000,   0.00991791,  -0.00000000,   0.99995082],
[  0.99994830,  -0.00000000,  -0.01016853,   0.00000000,   1.00000000,   0.00000000,   0.01016853,  -0.00000000,   0.99994830],
[  0.99994568,  -0.00000000,  -0.01042277,   0.00000000,   1.00000000,   0.00000000,   0.01042277,  -0.00000000,   0.99994568],
[  0.99994296,  -0.00000000,  -0.01068061,   0.00000000,   1.00000000,   0.00000000,   0.01068061,  -0.00000000,   0.99994296],
[  0.99994013,  -0.00000000,  -0.01094208,   0.00000000,   1.00000000,   0.00000000,   0.01094208,  -0.00000000,   0.99994013],
[  0.99993720,  -0.00000000,  -0.01120718,   0.00000000,   1.00000000,   0.00000000,   0.01120718,  -0.00000000,   0.99993720],
[  0.99993415,  -0.00000000,  -0.01147591,   0.00000000,   1.00000000,   0.00000000,   0.01147591,  -0.00000000,   0.99993415],
[  0.99993099,  -0.00000000,  -0.01174827,   0.00000000,   1.00000000,   0.00000000,   0.01174827,  -0.00000000,   0.99993099],
[  0.99992771,  -0.00000000,  -0.01202428,   0.00000000,   1.00000000,   0.00000000,   0.01202428,  -0.00000000,   0.99992771],
[  0.99992430,  -0.00000000,  -0.01230393,   0.00000000,   1.00000000,   0.00000000,   0.01230393,  -0.00000000,   0.99992430],
[  0.99992078,  -0.00000000,  -0.01258723,   0.00000000,   1.00000000,   0.00000000,   0.01258723,  -0.00000000,   0.99992078],
[  0.99991712,  -0.00000000,  -0.01287419,   0.00000000,   1.00000000,   0.00000000,   0.01287419,  -0.00000000,   0.99991712],
[  0.99991334,  -0.00000000,  -0.01316480,   0.00000000,   1.00000000,   0.00000000,   0.01316480,  -0.00000000,   0.99991334],
[  0.99990942,  -0.00000000,  -0.01345906,   0.00000000,   1.00000000,   0.00000000,   0.01345906,  -0.00000000,   0.99990942],
[  0.99990537,  -0.00000000,  -0.01375698,   0.00000000,   1.00000000,   0.00000000,   0.01375698,  -0.00000000,   0.99990537],
[  0.99990117,  -0.00000000,  -0.01405856,   0.00000000,   1.00000000,   0.00000000,   0.01405856,  -0.00000000,   0.99990117],
[  0.99989684,  -0.00000000,  -0.01436381,   0.00000000,   1.00000000,   0.00000000,   0.01436381,  -0.00000000,   0.99989684],
[  0.99989235,  -0.00000000,  -0.01467271,   0.00000000,   1.00000000,   0.00000000,   0.01467271,  -0.00000000,   0.99989235],
[  0.99988771,  -0.00000000,  -0.01498527,   0.00000000,   1.00000000,   0.00000000,   0.01498527,  -0.00000000,   0.99988771],
[  0.99988293,  -0.00000000,  -0.01530149,   0.00000000,   1.00000000,   0.00000000,   0.01530149,  -0.00000000,   0.99988293],
[  0.99987798,  -0.00000000,  -0.01562137,   0.00000000,   1.00000000,   0.00000000,   0.01562137,  -0.00000000,   0.99987798],
[  0.99987287,   0.00000000,  -0.01594490,   0.00000000,   1.00000000,   0.00000000,   0.01594490,  -0.00000000,   0.99987287],
[  0.99986760,   0.00000000,  -0.01627209,   0.00000000,   1.00000000,   0.00000000,   0.01627209,  -0.00000000,   0.99986760],
[  0.99986216,   0.00000000,  -0.01660293,   0.00000000,   1.00000000,   0.00000000,   0.01660293,  -0.00000000,   0.99986216],
[  0.99985655,   0.00000000,  -0.01693741,   0.00000000,   1.00000000,   0.00000000,   0.01693741,  -0.00000000,   0.99985655],
[  0.99985077,   0.00000000,  -0.01727555,   0.00000000,   1.00000000,   0.00000000,   0.01727555,  -0.00000000,   0.99985077],
[  0.99984480,   0.00000000,  -0.01761732,   0.00000000,   1.00000000,   0.00000000,   0.01761732,  -0.00000000,   0.99984480],
[  0.99983866,   0.00000000,  -0.01796273,   0.00000000,   1.00000000,   0.00000000,   0.01796273,  -0.00000000,   0.99983866],
[  0.99983233,   0.00000000,  -0.01831177,   0.00000000,   1.00000000,   0.00000000,   0.01831177,  -0.00000000,   0.99983233],
[  0.99982580,   0.00000000,  -0.01866444,  -0.00000000,   1.00000000,   0.00000000,   0.01866444,  -0.00000000,   0.99982580],
[  0.99981909,   0.00000000,  -0.01902074,  -0.00000000,   1.00000000,   0.00000000,   0.01902074,  -0.00000000,   0.99981909],
[  0.99981218,   0.00000000,  -0.01938065,  -0.00000000,   1.00000000,   0.00000000,   0.01938065,  -0.00000000,   0.99981218],
[  0.99980506,   0.00000000,  -0.01974417,  -0.00000000,   1.00000000,   0.00000000,   0.01974417,  -0.00000000,   0.99980506],
[  0.99979775,   0.00000000,  -0.02011129,  -0.00000000,   1.00000000,   0.00000000,   0.02011129,  -0.00000000,   0.99979775],
[  0.99979022,   0.00000000,  -0.02048201,  -0.00000000,   1.00000000,   0.00000000,   0.02048201,  -0.00000000,   0.99979022],
[  0.99978248,   0.00000000,  -0.02085631,  -0.00000000,   1.00000000,   0.00000000,   0.02085631,  -0.00000000,   0.99978248],
[  0.99977453,   0.00000000,  -0.02123420,  -0.00000000,   1.00000000,   0.00000000,   0.02123420,  -0.00000000,   0.99977453],
[  0.99976635,   0.00000000,  -0.02161566,  -0.00000000,   1.00000000,   0.00000000,   0.02161566,  -0.00000000,   0.99976635],
[  0.99975796,   0.00000000,  -0.02200069,  -0.00000000,   1.00000000,   0.00000000,   0.02200069,  -0.00000000,   0.99975796],
[  0.99974933,   0.00000000,  -0.02238927,  -0.00000000,   1.00000000,   0.00000000,   0.02238927,  -0.00000000,   0.99974933],
[  0.99974047,   0.00000000,  -0.02278140,  -0.00000000,   1.00000000,   0.00000000,   0.02278140,  -0.00000000,   0.99974047],
[  0.99973138,   0.00000000,  -0.02317706,  -0.00000000,   1.00000000,   0.00000000,   0.02317706,  -0.00000000,   0.99973138],
[  0.99972204,   0.00000000,  -0.02357625,  -0.00000000,   1.00000000,   0.00000000,   0.02357625,  -0.00000000,   0.99972204],
[  0.99971246,   0.00000000,  -0.02397895,  -0.00000000,   1.00000000,   0.00000000,   0.02397895,  -0.00000000,   0.99971246],
[  0.99970264,   0.00000000,  -0.02438517,  -0.00000000,   1.00000000,   0.00000000,   0.02438517,  -0.00000000,   0.99970264],
[  0.99969256,   0.00000000,  -0.02479487,  -0.00000000,   1.00000000,   0.00000000,   0.02479487,  -0.00000000,   0.99969256],
[  0.99968223,   0.00000000,  -0.02520806,  -0.00000000,   1.00000000,   0.00000000,   0.02520806,  -0.00000000,   0.99968223],
[  0.99967163,   0.00000000,  -0.02562472,  -0.00000000,   1.00000000,   0.00000000,   0.02562472,  -0.00000000,   0.99967163],
[  0.99966078,   0.00000000,  -0.02604484,  -0.00000000,   1.00000000,   0.00000000,   0.02604484,  -0.00000000,   0.99966078],
[  0.99964965,   0.00000000,  -0.02646841,  -0.00000000,   1.00000000,   0.00000000,   0.02646841,  -0.00000000,   0.99964965],
[  0.99963825,   0.00000000,  -0.02689541,  -0.00000000,   1.00000000,   0.00000000,   0.02689541,  -0.00000000,   0.99963825],
[  0.99962658,   0.00000000,  -0.02732583,  -0.00000000,   1.00000000,   0.00000000,   0.02732583,  -0.00000000,   0.99962658],
[  0.99961463,   0.00000000,  -0.02775967,  -0.00000000,   1.00000000,   0.00000000,   0.02775967,  -0.00000000,   0.99961463],
[  0.99960239,   0.00000000,  -0.02819689,  -0.00000000,   1.00000000,   0.00000000,   0.02819689,  -0.00000000,   0.99960239],
[  0.99958986,   0.00000000,  -0.02863750,  -0.00000000,   1.00000000,   0.00000000,   0.02863750,  -0.00000000,   0.99958986],
[  0.99957704,   0.00000000,  -0.02908148,  -0.00000000,   1.00000000,   0.00000000,   0.02908148,  -0.00000000,   0.99957704],
[  0.99956393,   0.00000000,  -0.02952881,  -0.00000000,   1.00000000,   0.00000000,   0.02952881,  -0.00000000,   0.99956393],
[  0.99955051,   0.00000000,  -0.02997948,  -0.00000000,   1.00000000,   0.00000000,   0.02997948,  -0.00000000,   0.99955051],
[  0.99953679,   0.00000000,  -0.03043347,  -0.00000000,   1.00000000,   0.00000000,   0.03043347,  -0.00000000,   0.99953679],
[  0.99952277,   0.00000000,  -0.03089077,  -0.00000000,   1.00000000,   0.00000000,   0.03089077,  -0.00000000,   0.99952277],
[  0.99950843,   0.00000000,  -0.03135136,  -0.00000000,   1.00000000,   0.00000000,   0.03135136,  -0.00000000,   0.99950843],
[  0.99949377,   0.00000000,  -0.03181523,  -0.00000000,   1.00000000,   0.00000000,   0.03181523,  -0.00000000,   0.99949377],
[  0.99947879,   0.00000000,  -0.03228237,  -0.00000000,   1.00000000,   0.00000000,   0.03228237,  -0.00000000,   0.99947879],
[  0.99946348,   0.00000000,  -0.03275274,  -0.00000000,   1.00000000,   0.00000000,   0.03275274,  -0.00000000,   0.99946348],
[  0.99944785,   0.00000000,  -0.03322635,  -0.00000000,   1.00000000,   0.00000000,   0.03322635,  -0.00000000,   0.99944785],
[  0.99943189,   0.00000000,  -0.03370317,  -0.00000000,   1.00000000,   0.00000000,   0.03370317,  -0.00000000,   0.99943189],
[  0.99941558,   0.00000000,  -0.03418318,  -0.00000000,   1.00000000,   0.00000000,   0.03418318,  -0.00000000,   0.99941558],
[  0.99939894,   0.00000000,  -0.03466638,  -0.00000000,   1.00000000,   0.00000000,   0.03466638,  -0.00000000,   0.99939894],
[  0.99938195,   0.00000000,  -0.03515273,  -0.00000000,   1.00000000,   0.00000000,   0.03515273,  -0.00000000,   0.99938195],
[  0.99936461,   0.00000000,  -0.03564223,  -0.00000000,   1.00000000,   0.00000000,   0.03564223,  -0.00000000,   0.99936461],
[  0.99934692,   0.00000000,  -0.03613486,  -0.00000000,   1.00000000,   0.00000000,   0.03613486,  -0.00000000,   0.99934692],
[  0.99932887,   0.00000000,  -0.03663060,  -0.00000000,   1.00000000,   0.00000000,   0.03663060,  -0.00000000,   0.99932887],
[  0.99931047,   0.00000000,  -0.03712942,  -0.00000000,   1.00000000,   0.00000000,   0.03712942,  -0.00000000,   0.99931047],
[  0.99929169,   0.00000000,  -0.03763132,  -0.00000000,   1.00000000,   0.00000000,   0.03763132,  -0.00000000,   0.99929169],
[  0.99927255,   0.00000000,  -0.03813627,  -0.00000000,   1.00000000,   0.00000000,   0.03813627,  -0.00000000,   0.99927255],
[  0.99925303,   0.00000000,  -0.03864426,  -0.00000000,   1.00000000,   0.00000000,   0.03864426,  -0.00000000,   0.99925303],
[  0.99923314,   0.00000000,  -0.03915525,  -0.00000000,   1.00000000,   0.00000000,   0.03915525,  -0.00000000,   0.99923314],
[  0.99921287,   0.00000000,  -0.03966921,  -0.00000000,   1.00000000,   0.00000000,   0.03966921,  -0.00000000,   0.99921287],
[  0.99919221,   0.00000000,  -0.04018608,  -0.00000000,   1.00000000,   0.00000000,   0.04018608,  -0.00000000,   0.99919221],
[  0.99917117,   0.00000000,  -0.04070582,  -0.00000000,   1.00000000,   0.00000000,   0.04070582,  -0.00000000,   0.99917117],
[  0.99914975,   0.00000000,  -0.04122838,  -0.00000000,   1.00000000,   0.00000000,   0.04122838,  -0.00000000,   0.99914975],
[  0.99912793,   0.00000000,  -0.04175371,  -0.00000000,   1.00000000,   0.00000000,   0.04175371,  -0.00000000,   0.99912793],
[  0.99910573,   0.00000000,  -0.04228177,  -0.00000000,   1.00000000,   0.00000000,   0.04228177,  -0.00000000,   0.99910573],
[  0.99908312,   0.00000000,  -0.04281250,  -0.00000000,   1.00000000,   0.00000000,   0.04281250,  -0.00000000,   0.99908312],
[  0.99906013,   0.00000000,  -0.04334588,  -0.00000000,   1.00000000,   0.00000000,   0.04334588,  -0.00000000,   0.99906013],
[  0.99903673,   0.00000000,  -0.04388184,  -0.00000000,   1.00000000,   0.00000000,   0.04388184,  -0.00000000,   0.99903673],
[  0.99901293,   0.00000000,  -0.04442035,  -0.00000000,   1.00000000,   0.00000000,   0.04442035,  -0.00000000,   0.99901293],
[  0.99898873,   0.00000000,  -0.04496136,  -0.00000000,   1.00000000,   0.00000000,   0.04496136,  -0.00000000,   0.99898873],
[  0.99896412,   0.00000000,  -0.04550483,  -0.00000000,   1.00000000,   0.00000000,   0.04550483,  -0.00000000,   0.99896412],
[  0.99893910,   0.00000000,  -0.04605071,  -0.00000000,   1.00000000,   0.00000000,   0.04605071,  -0.00000000,   0.99893910],
[  0.99891368,   0.00000000,  -0.04659897,  -0.00000000,   1.00000000,   0.00000000,   0.04659897,  -0.00000000,   0.99891368],
[  0.99888784,   0.00000000,  -0.04714955,  -0.00000000,   1.00000000,   0.00000000,   0.04714955,  -0.00000000,   0.99888784],
[  0.99886159,   0.00000000,  -0.04770242,  -0.00000000,   1.00000000,   0.00000000,   0.04770242,  -0.00000000,   0.99886159],
[  0.99883493,   0.00000000,  -0.04825753,  -0.00000000,   1.00000000,   0.00000000,   0.04825753,  -0.00000000,   0.99883493],
[  0.99880785,   0.00000000,  -0.04881484,  -0.00000000,   1.00000000,   0.00000000,   0.04881484,  -0.00000000,   0.99880785],
[  0.99878034,   0.00000000,  -0.04937431,  -0.00000000,   1.00000000,   0.00000000,   0.04937431,  -0.00000000,   0.99878034],
[  0.99875242,   0.00000000,  -0.04993591,  -0.00000000,   1.00000000,   0.00000000,   0.04993591,  -0.00000000,   0.99875242],
[  0.99872408,   0.00000000,  -0.05049958,  -0.00000000,   1.00000000,   0.00000000,   0.05049958,  -0.00000000,   0.99872408],
[  0.99869532,   0.00000000,  -0.05106530,  -0.00000000,   1.00000000,   0.00000000,   0.05106530,  -0.00000000,   0.99869532],
[  0.99866613,   0.00000000,  -0.05163301,  -0.00000000,   1.00000000,   0.00000000,   0.05163301,  -0.00000000,   0.99866613],
[  0.99863651,   0.00000000,  -0.05220269,  -0.00000000,   1.00000000,   0.00000000,   0.05220269,  -0.00000000,   0.99863651],
[  0.99860647,   0.00000000,  -0.05277428,  -0.00000000,   1.00000000,   0.00000000,   0.05277428,  -0.00000000,   0.99860647],
[  0.99857599,   0.00000000,  -0.05334777,  -0.00000000,   1.00000000,   0.00000000,   0.05334777,  -0.00000000,   0.99857599],
[  0.99854509,   0.00000000,  -0.05392309,  -0.00000000,   1.00000000,   0.00000000,   0.05392309,  -0.00000000,   0.99854509],
[  0.99851376,   0.00000000,  -0.05450023,  -0.00000000,   1.00000000,   0.00000000,   0.05450023,  -0.00000000,   0.99851376],
[  0.99848199,   0.00000000,  -0.05507914,  -0.00000000,   1.00000000,   0.00000000,   0.05507914,  -0.00000000,   0.99848199],
[  0.99844979,   0.00000000,  -0.05565978,  -0.00000000,   1.00000000,   0.00000000,   0.05565978,  -0.00000000,   0.99844979],
[  0.99841716,   0.00000000,  -0.05624213,  -0.00000000,   1.00000000,   0.00000000,   0.05624213,  -0.00000000,   0.99841716],
[  0.99838409,   0.00000000,  -0.05682613,  -0.00000000,   1.00000000,   0.00000000,   0.05682613,  -0.00000000,   0.99838409],
[  0.99835058,   0.00000000,  -0.05741176,  -0.00000000,   1.00000000,   0.00000000,   0.05741176,  -0.00000000,   0.99835058],
[  0.99831664,   0.00000000,  -0.05799899,  -0.00000000,   1.00000000,   0.00000000,   0.05799899,  -0.00000000,   0.99831664],
[  0.99828226,   0.00000000,  -0.05858777,  -0.00000000,   1.00000000,   0.00000000,   0.05858777,  -0.00000000,   0.99828226],
[  0.99824744,   0.00000000,  -0.05917808,  -0.00000000,   1.00000000,   0.00000000,   0.05917808,  -0.00000000,   0.99824744],
[  0.99821218,   0.00000000,  -0.05976987,  -0.00000000,   1.00000000,   0.00000000,   0.05976987,  -0.00000000,   0.99821218],
[  0.99817648,   0.00000000,  -0.06036313,  -0.00000000,   1.00000000,   0.00000000,   0.06036313,  -0.00000000,   0.99817648],
[  0.99814034,   0.00000000,  -0.06095780,  -0.00000000,   1.00000000,   0.00000000,   0.06095780,  -0.00000000,   0.99814034],
[  0.99810376,   0.00000000,  -0.06155387,  -0.00000000,   1.00000000,   0.00000000,   0.06155387,  -0.00000000,   0.99810376],
[  0.99806674,   0.00000000,  -0.06215129,  -0.00000000,   1.00000000,   0.00000000,   0.06215129,  -0.00000000,   0.99806674],
[  0.99802927,   0.00000000,  -0.06275004,  -0.00000000,   1.00000000,   0.00000000,   0.06275004,  -0.00000000,   0.99802927],
[  0.99799137,   0.00000000,  -0.06335008,  -0.00000000,   1.00000000,   0.00000000,   0.06335008,  -0.00000000,   0.99799137],
[  0.99795301,   0.00000000,  -0.06395139,  -0.00000000,   1.00000000,   0.00000000,   0.06395139,  -0.00000000,   0.99795301],
[  0.99791422,   0.00000000,  -0.06455393,  -0.00000000,   1.00000000,   0.00000000,   0.06455393,  -0.00000000,   0.99791422],
[  0.99787498,   0.00000000,  -0.06515767,  -0.00000000,   1.00000000,   0.00000000,   0.06515767,  -0.00000000,   0.99787498],
[  0.99783530,   0.00000000,  -0.06576259,  -0.00000000,   1.00000000,   0.00000000,   0.06576259,  -0.00000000,   0.99783530],
[  0.99779517,   0.00000000,  -0.06636864,  -0.00000000,   1.00000000,   0.00000000,   0.06636864,  -0.00000000,   0.99779517],
[  0.99775460,   0.00000000,  -0.06697581,  -0.00000000,   1.00000000,   0.00000000,   0.06697581,  -0.00000000,   0.99775460],
[  0.99771358,   0.00000000,  -0.06758407,  -0.00000000,   1.00000000,   0.00000000,   0.06758407,  -0.00000000,   0.99771358],
[  0.99767212,   0.00000000,  -0.06819338,  -0.00000000,   1.00000000,   0.00000000,   0.06819338,  -0.00000000,   0.99767212],
[  0.99763022,   0.00000000,  -0.06880372,  -0.00000000,   1.00000000,   0.00000000,   0.06880372,  -0.00000000,   0.99763022],
[  0.99758787,   0.00000000,  -0.06941506,  -0.00000000,   1.00000000,   0.00000000,   0.06941506,  -0.00000000,   0.99758787],
[  0.99754507,   0.00000000,  -0.07002738,  -0.00000000,   1.00000000,   0.00000000,   0.07002738,  -0.00000000,   0.99754507],
[  0.99750183,   0.00000000,  -0.07064064,   0.00000000,   1.00000000,   0.00000000,   0.07064064,  -0.00000000,   0.99750183],
[  0.99745815,   0.00000000,  -0.07125482,   0.00000000,   1.00000000,   0.00000000,   0.07125482,  -0.00000000,   0.99745815],
[  0.99741402,   0.00000000,  -0.07186989,   0.00000000,   1.00000000,   0.00000000,   0.07186989,  -0.00000000,   0.99741402],
[  0.99736944,   0.00000000,  -0.07248583,   0.00000000,   1.00000000,   0.00000000,   0.07248583,  -0.00000000,   0.99736944],
[  0.99732443,   0.00000000,  -0.07310261,   0.00000000,   1.00000000,   0.00000000,   0.07310261,  -0.00000000,   0.99732443],
[  0.99727896,   0.00000000,  -0.07372020,   0.00000000,   1.00000000,   0.00000000,   0.07372020,  -0.00000000,   0.99727896],
[  0.99723306,   0.00000000,  -0.07433859,   0.00000000,   1.00000000,   0.00000000,   0.07433859,  -0.00000000,   0.99723306],
[  0.99718671,   0.00000000,  -0.07495774,   0.00000000,   1.00000000,   0.00000000,   0.07495774,  -0.00000000,   0.99718671],
[  0.99713992,   0.00000000,  -0.07557764,   0.00000000,   1.00000000,   0.00000000,   0.07557764,  -0.00000000,   0.99713992],
[  0.99709269,   0.00000000,  -0.07619825,   0.00000000,   1.00000000,   0.00000000,   0.07619825,  -0.00000000,   0.99709269],
[  0.99704501,   0.00000000,  -0.07681956,   0.00000000,   1.00000000,   0.00000000,   0.07681956,  -0.00000000,   0.99704501],
[  0.99699689,   0.00000000,  -0.07744154,   0.00000000,   1.00000000,   0.00000000,   0.07744154,  -0.00000000,   0.99699689],
[  0.99694834,   0.00000000,  -0.07806417,   0.00000000,   1.00000000,   0.00000000,   0.07806417,  -0.00000000,   0.99694834],
[  0.99689934,   0.00000000,  -0.07868742,   0.00000000,   1.00000000,   0.00000000,   0.07868742,  -0.00000000,   0.99689934],
[  0.99684990,   0.00000000,  -0.07931127,   0.00000000,   1.00000000,   0.00000000,   0.07931127,  -0.00000000,   0.99684990],
[  0.99680002,   0.00000000,  -0.07993571,   0.00000000,   1.00000000,   0.00000000,   0.07993571,  -0.00000000,   0.99680002],
[  0.99674970,   0.00000000,  -0.08056070,   0.00000000,   1.00000000,   0.00000000,   0.08056070,  -0.00000000,   0.99674970],
[  0.99669895,   0.00000000,  -0.08118623,   0.00000000,   1.00000000,   0.00000000,   0.08118623,  -0.00000000,   0.99669895],
[  0.99664776,   0.00000000,  -0.08181228,   0.00000000,   1.00000000,   0.00000000,   0.08181228,  -0.00000000,   0.99664776],
[  0.99659613,   0.00000000,  -0.08243883,   0.00000000,   1.00000000,   0.00000000,   0.08243883,  -0.00000000,   0.99659613],
[  0.99654406,   0.00000000,  -0.08306584,   0.00000000,   1.00000000,   0.00000000,   0.08306584,  -0.00000000,   0.99654406],
[  0.99649156,   0.00000000,  -0.08369332,   0.00000000,   1.00000000,   0.00000000,   0.08369332,  -0.00000000,   0.99649156],
[  0.99643862,   0.00000000,  -0.08432123,   0.00000000,   1.00000000,   0.00000000,   0.08432123,  -0.00000000,   0.99643862],
[  0.99638525,   0.00000000,  -0.08494955,   0.00000000,   1.00000000,   0.00000000,   0.08494955,  -0.00000000,   0.99638525],
[  0.99633145,   0.00000000,  -0.08557826,   0.00000000,   1.00000000,   0.00000000,   0.08557826,  -0.00000000,   0.99633145],
[  0.99627722,   0.00000000,  -0.08620736,   0.00000000,   1.00000000,   0.00000000,   0.08620736,  -0.00000000,   0.99627722],
[  0.99622255,   0.00000000,  -0.08683681,   0.00000000,   1.00000000,   0.00000000,   0.08683681,  -0.00000000,   0.99622255],
[  0.99616745,   0.00000000,  -0.08746660,   0.00000000,   1.00000000,   0.00000000,   0.08746660,  -0.00000000,   0.99616745],
[  0.99611193,   0.00000000,  -0.08809670,   0.00000000,   1.00000000,   0.00000000,   0.08809670,  -0.00000000,   0.99611193],
[  0.99605597,   0.00000000,  -0.08872711,   0.00000000,   1.00000000,   0.00000000,   0.08872711,  -0.00000000,   0.99605597],
[  0.99599959,   0.00000000,  -0.08935781,   0.00000000,   1.00000000,   0.00000000,   0.08935781,  -0.00000000,   0.99599959],
[  0.99594278,   0.00000000,  -0.08998877,   0.00000000,   1.00000000,   0.00000000,   0.08998877,  -0.00000000,   0.99594278],
[  0.99588555,   0.00000000,  -0.09061998,   0.00000000,   1.00000000,   0.00000000,   0.09061998,  -0.00000000,   0.99588555],
[  0.99582789,   0.00000000,  -0.09125142,   0.00000000,   1.00000000,   0.00000000,   0.09125142,  -0.00000000,   0.99582789],
[  0.99576980,   0.00000000,  -0.09188307,   0.00000000,   1.00000000,   0.00000000,   0.09188307,  -0.00000000,   0.99576980],
[  0.99571130,   0.00000000,  -0.09251492,   0.00000000,   1.00000000,   0.00000000,   0.09251492,  -0.00000000,   0.99571130],
[  0.99565237,   0.00000000,  -0.09314696,   0.00000000,   1.00000000,   0.00000000,   0.09314696,  -0.00000000,   0.99565237],
[  0.99559302,   0.00000000,  -0.09377916,   0.00000000,   1.00000000,   0.00000000,   0.09377916,  -0.00000000,   0.99559302],
[  0.99553326,   0.00000000,  -0.09441150,   0.00000000,   1.00000000,   0.00000000,   0.09441150,  -0.00000000,   0.99553326],
[  0.99547307,   0.00000000,  -0.09504399,   0.00000000,   1.00000000,   0.00000000,   0.09504399,  -0.00000000,   0.99547307],
[  0.99541247,   0.00000000,  -0.09567659,   0.00000000,   1.00000000,   0.00000000,   0.09567659,  -0.00000000,   0.99541247],
[  0.99535146,   0.00000000,  -0.09630929,   0.00000000,   1.00000000,   0.00000000,   0.09630929,  -0.00000000,   0.99535146],
[  0.99529002,   0.00000000,  -0.09694208,   0.00000000,   1.00000000,   0.00000000,   0.09694208,  -0.00000000,   0.99529002],
[  0.99522818,   0.00000000,  -0.09757494,   0.00000000,   1.00000000,   0.00000000,   0.09757494,  -0.00000000,   0.99522818],
[  0.99516592,   0.00000000,  -0.09820786,   0.00000000,   1.00000000,   0.00000000,   0.09820786,  -0.00000000,   0.99516592],
[  0.99510326,   0.00000000,  -0.09884082,   0.00000000,   1.00000000,   0.00000000,   0.09884082,  -0.00000000,   0.99510326],
